71
14
133
12
164
12
44
4
71
256
161
4
15
131
99
166
109
164
271
203
81
66
2
142
119
188
86
87
102
237
296
6
38
244
276
223
83
37
186
58
193
263
88
274
136
91
35
231
168
245
40
148
109
275
17
46
116
184
12
42
9
225
163
11
205
297
102
269
254
97
221
283
237
287
28
74
209
47
257
45
54
19
106
83
190
254
241
176
236
184
21
243
149
84
296
190
254
95
70
130
58
188
11
5
27
15
64
245
163
273
150
46
100
238
97
235
285
92
202
196
237
255
22
288
80
142
42
261
203
280
203
2
176
154
225
191
280
229
227
223
267
141
14
198
28
53
89
207
223
109
116
49
202
290
93
241
149
65
77
217
176
289
227
140
194
169
168
143
135
295
204
299
98
121
260
16
246
220
190
57
39
170
254
289
207
244
232
226
199
294
140
89
238
95
95
170
174
89
188
271
169
228
36
48
285
254
83
151
233
87
196
251
85
281
85
96
73
129
186
97
151
260
149
68
17
233
281
276
207
85
254
144
76
133
274
139
130
206
118
160
287
50
228
183
22
55
192
157
86
96
248
84
59
267
182
112
191
92
54
66
38
151
112
209
32
20
124
16
98
286
53
250
56
186
236
83
280
59
67
228
292
286
38
10
243
156
240
228
154
193
19
208
266
279
115
291
26
293
160
157
191
151
237
87
143
165
187
288
295
229
176
72
174
159
55
88
297
143
86
220
260
27
239
246
18
122
29
267
168
219
11
204
187
277
50
98
181
135
17
294
125
164
203
166
196
295
1
292
265
228
54
123
234
183
234
88
104
218
9
210
181
62
27
171
264
211
249
129
287
174
268
287
33
93
65
88
124
74
186
99
105
284
133
107
70
41
246
67
234
256
160
18
152
2
21
227
191
195
297
290
193
133
95
35
156
124
110
277
128
224
2
109
114
221
33
153
88
46
189
185
227
75
161
6
173
26
179
254
96
162
259
74
246
136
152
272
237
153
177
268
148
56
76
143
238
217
217
112
183
152
169
20
81
82
175
82
46
190
252
78
113
16
75
245
92
270
145
245
40
166
246
4
246
157
299
109
55
138
14
127
36
144
175
220
124
218
26
195
273
63
18
77
101
279
111
5
120
44
67
144
141
2
249
22
126
78
23
48
27
217
6
247
6
33
159
164
41
150
253
257
110
36
125
61
35
115
279
240
1
17
8
296
83
98
267
209
232
279
143
257
134
23
289
96
298
233
170
200
73
90
245
143
206
20
2
35
176
228
141
229
284
215
38
149
223
206
194
142
219
260
146
279
82
193
8
136
200
299
286
60
192
155
40
58
209
6
50
123
119
142
278
146
177
106
163
17
39
290
84
97
202
61
39
76
181
46
267
289
105
156
299
50
254
95
109
95
56
105
6
285
7
44
143
16
200
168
57
211
117
289
264
34
275
45
248
71
206
70
221
146
293
191
94
209
220
1
8
147
125
66
82
91
27
14
178
264
114
216
75
236
19
264
29
158
113
145
99
73
124
285
130
145
106
225
91
152
158
183
113
213
277
64
81
82
278
219
122
229
226
214
233
168
116
15
7
53
140
93
268
64
4
177
299
124
184
60
266
181
22
228
117
168
163
66
84
204
119
294
77
56
63
259
164
7
203
274
105
297
76
26
208
177
297
214
92
51
280
102
144
74
95
232
19
211
206
170
15
111
282
284
160
263
128
36
56
3
286
75
225
240
265
258
150
136
92
129
10
229
156
253
76
52
22
2
272
186
263
122
182
151
271
178
227
181
130
160
156
154
246
194
155
72
64
238
182
276
248
285
262
74
242
87
178
11
4
137
216
184
163
105
88
21
29
97
269
75
285
275
56
85
175
69
138
252
221
275
296
240
3
110
293
269
284
295
255
41
277
190
182
14
10
103
26
202
182
279
290
29
295
247
149
196
191
197
14
125
220
41
223
146
251
212
201
195
154
3
97
112
62
189
74
250
272
245
36
161
257
222
253
120
202
215
163
194
23
93
238
201
202
147
226
36
2
62
119
233
146
174
148
139
188
153
122
55
140
16
151
242
280
11
103
55
114
132
169
86
175
245
273
19
266
199
183
290
114
258
281
244
137
175
151
119
95
263
211
178
162
248
107
14
40
219
169
89
15
267
164
64
166
221
54
283
137
223
238
27
194
63
252
226
31
127
272
46
6
226
189
29
153
87
34
10
236
75
133
216
234
294
30
146
140
171
35
270
116
69
24
70
87
115
46
136
274
22
191
200
183
200
246
224
