153
93
592
402
715
333
839
839
142
624
303
470
816
105
642
35
106
279
339
34
171
732
33
78
436
545
734
14
583
330
392
0
872
331
860
390
996
94
667
953
264
794
77
717
768
434
891
443
433
767
77
571
218
979
829
265
542
889
869
48
986
651
864
414
632
732
643
699
979
240
458
453
241
501
981
530
954
182
789
112
272
120
135
945
10
475
416
108
493
776
349
761
528
922
63
446
366
227
444
669
353
150
873
706
84
449
142
784
239
91
733
67
999
439
847
145
848
870
509
70
830
235
866
305
843
283
297
378
332
466
276
391
855
322
34
43
320
14
924
254
361
419
67
11
222
592
279
594
751
369
524
899
551
297
101
195
137
111
597
276
983
480
166
631
666
810
68
962
930
472
500
92
391
941
686
91
770
998
858
194
978
298
243
957
163
345
419
911
778
144
438
875
87
587
914
3
64
916
892
581
523
459
667
573
451
204
893
917
938
663
261
626
800
918
731
797
989
703
819
762
129
860
722
723
91
549
105
390
321
125
259
347
773
699
922
71
668
24
494
826
981
455
543
895
528
485
498
993
723
485
129
0
636
102
0
576
741
978
363
620
854
293
41
981
98
970
784
300
391
238
156
399
855
645
527
132
783
567
918
220
236
687
449
171
165
953
956
33
952
994
864
388
622
89
777
693
587
323
362
797
651
707
8
229
213
682
432
637
26
605
888
582
633
534
852
735
592
862
126
433
924
134
93
424
780
682
456
626
185
553
180
657
876
563
493
936
645
227
760
181
329
730
750
191
556
72
330
922
634
21
886
996
513
506
853
926
572
678
559
569
121
920
243
520
846
714
472
436
173
438
430
552
399
821
451
997
742
16
985
841
942
991
670
211
843
200
524
221
487
310
355
903
589
116
364
806
914
593
574
453
995
500
160
351
853
823
960
867
827
840
482
842
431
577
453
481
181
941
571
698
653
876
430
812
683
486
733
201
458
158
802
292
475
407
101
44
743
310
932
913
402
128
740
129
875
954
477
15
52
0
303
974
490
427
487
732
569
499
736
387
604
146
381
849
390
995
724
257
333
296
626
72
320
163
882
614
738
44
228
965
607
348
885
320
607
707
380
58
924
465
31
37
178
570
865
883
420
224
950
325
115
300
66
936
251
775
430
33
263
142
666
824
242
68
589
334
954
340
407
98
612
508
865
40
922
475
488
530
895
710
533
87
95
661
458
829
486
435
749
306
809
790
699
62
466
6
313
862
219
268
850
275
616
781
648
996
958
933
766
68
782
508
700
941
307
98
856
137
995
600
748
143
435
905
913
22
19
681
331
172
479
442
763
583
220
943
771
943
496
300
347
939
935
143
27
131
594
527
74
888
732
306
822
907
745
155
548
59
239
446
305
377
97
758
13
291
436
870
684
349
800
712
121
8
583
893
578
307
629
121
855
580
190
15
51
728
963
584
726
930
684
888
547
109
877
246
571
896
688
632
208
341
394
838
564
88
77
322
288
312
192
628
284
261
207
709
644
856
282
486
932
442
995
492
524
437
454
510
51
328
743
709
115
197
530
883
347
699
879
60
594
237
692
929
452
856
21
233
638
276
441
538
735
336
17
543
615
47
955
415
501
405
887
462
942
75
898
835
184
90
810
838
324
717
944
856
372
751
577
892
842
570
568
167
769
433
169
287
125
659
889
24
441
533
363
851
69
6
586
970
937
503
539
768
823
476
189
255
145
614
82
296
33
21
265
181
963
25
56
334
542
702
299
792
156
667
44
407
34
119
293
598
969
690
328
876
346
129
374
294
374
483
812
452
406
981
945
647
14
516
346
323
43
239
165
997
233
507
370
451
111
137
792
70
745
679
27
884
684
228
673
36
828
89
164
112
266
475
419
11
118
314
880
818
255
135
50
434
354
961
524
564
123
104
642
24
684
792
311
243
53
560
262
244
362
438
965
364
976
64
732
478
944
971
44
476
264
485
998
352
334
840
866
304
522
377
146
888
264
913
182
415
224
693
343
447
73
638
27
482
154
957
252
638
865
579
388
448
875
282
689
641
410
820
610
180
704
856
569
632
373
999
704
404
911
777
419
257
725
981
952
13
118
368
4
341
435
406
491
37
117
344
831
273
785
639
761
869
582
472
595
767
910
852
2
541
399
592
820
928
406
268
189
130
583
129
259
821
114
791
82
607
5
484
817
988
416
557
288
686
410
922
42
598
642
135
501
511
435
840
475
171
449
393
337
223
606
549
373
77
249
285
408
739
547
936
618
234
50
59
558
306
850
655
823
721
302
634
422
643
354
702
935
218
593
167
703
742
787
524
868
494
297
42
849
639
5
23
936
356
521
805
21
729
297
105
155
780
943
782
525
434
470
628
654
136
400
403
108
293
707
899
773
722
309
462
791
793
402
85
604
32
286
838
132
505
446
180
26
462
543
419
99
337
704
389
504
387
919
240
940
986
633
77
211
800
651
81
740
879
279
649
233
964
217
38
539
199
118
993
903
754
852
811
209
792
472
372
558
647
602
722
463
24
457
880
236
535
987
713
692
917
708
850
110
815
636
825
510
116
330
852
697
437
502
918
187
504
817
133
110
864
470
632
369
552
899
658
917
124
500
841
752
685
549
111
355
398
614
112
615
264
613
491
971
843
352
909
378
984
791
188
951
576
524
567
588
751
947
652
678
32
377
262
0
368
958
56
310
116
502
511
655
582
587
559
406
853
95
929
128
322
93
65
890
471
415
268
340
181
557
602
883
119
533
974
611
470
146
692
197
648
727
788
845
401
782
352
510
148
111
116
31
224
949
604
534
202
355
199
442
378
599
609
676
14
586
321
222
971
387
825
12
886
829
564
244
171
707
802
582
714
567
866
422
295
249
497
308
453
284
377
863
695
53
242
64
743
90
380
550
733
280
737
679
130
753
271
435
426
172
709
922
584
770
351
118
568
925
95
732
246
287
451
532
402
454
903
255
601
7
611
264
156
255
108
445
519
388
355
454
5
862
228
294
848
770
288
416
288
594
450
944
510
255
29
391
27
590
435
246
284
439
739
95
87
333
187
532
726
355
733
975
524
156
605
637
902
216
948
329
944
434
615
473
894
801
261
702
952
447
983
661
261
603
902
213
980
131
216
34
890
53
493
737
92
196
161
30
943
450
433
85
554
319
191
268
828
429
663
601
257
406
103
834
400
60
41
840
297
129
105
70
811
941
851
227
284
213
526
899
728
869
183
867
190
206
124
968
839
942
201
907
815
691
122
150
844
191
540
119
169
170
351
182
382
86
355
608
358
97
130
482
571
522
750
808
769
768
757
428
111
114
617
174
637
60
753
629
140
925
120
233
303
224
214
982
284
948
336
902
727
214
930
542
594
963
808
233
78
274
123
494
303
602
10
999
469
759
948
766
610
718
979
773
140
396
138
56
919
419
617
420
678
483
404
325
227
356
427
154
62
728
494
27
609
110
664
578
630
710
16
613
983
779
183
356
260
183
424
108
602
119
463
442
340
696
781
777
964
824
582
10
350
249
182
175
74
804
127
508
115
964
978
120
264
547
310
493
39
985
155
363
997
930
787
150
906
85
525
999
356
56
925
663
45
706
582
903
154
981
539
849
933
394
177
724
866
422
341
708
560
862
365
217
808
789
604
804
103
150
76
968
269
154
799
639
747
603
475
763
534
980
216
421
707
641
144
178
983
737
799
902
767
543
465
135
714
729
734
178
909
724
831
489
382
740
508
623
845
210
571
918
187
347
472
370
514
312
703
645
216
990
143
980
872
688
915
797
563
165
757
236
525
298
382
417
939
309
826
203
40
951
309
419
692
253
704
964
984
426
333
33
450
321
409
709
14
391
147
506
804
439
218
68
595
593
997
108
747
827
774
858
136
33
907
728
794
156
718
655
641
108
777
580
980
238
103
843
167
944
737
828
180
604
80
64
673
378
362
143
431
586
627
208
64
333
655
494
216
720
309
383
500
540
908
694
886
593
340
491
293
842
829
497
665
473
428
350
947
542
560
278
933
309
188
502
170
530
468
574
730
974
91
129
912
152
830
37
660
816
236
729
752
46
806
566
652
899
422
467
203
419
311
665
264
499
299
365
746
492
680
312
462
731
573
727
658
71
247
864
79
384
552
476
963
486
215
798
393
321
505
302
52
355
453
309
502
42
611
787
808
905
94
58
459
256
492
911
292
818
69
609
338
556
584
606
302
827
939
327
685
555
851
267
392
531
681
782
48
62
600
370
137
160
279
949
505
173
389
628
738
252
272
722
416
346
304
322
269
469
621
545
812
828
77
730
134
33
532
183
120
20
832
818
551
486
118
926
179
637
442
590
135
768
11
756
712
752
753
766
888
816
333
264
729
75
189
699
167
177
619
354
513
70
483
685
445
335
604
16
173
747
539
82
930
743
978
703
915
233
681
898
369
776
503
104
504
475
792
749
583
76
116
335
592
660
102
360
569
12
894
848
854
208
613
14
224
231
14
583
129
437
439
604
12
523
88
151
7
241
541
203
142
462
495
84
547
382
628
320
64
563
598
438
77
252
219
231
366
913
967
280
254
180
124
69
366
509
991
852
844
661
846
565
991
761
509
432
893
81
659
615
739
908
334
202
249
798
360
65
797
289
806
628
609
671
964
395
635
716
743
164
550
390
828
198
641
410
431
300
221
200
967
615
609
222
523
238
641
868
573
143
148
125
978
747
807
989
966
471
337
172
417
957
26
985
517
257
178
429
536
157
198
388
266
4
670
573
437
850
956
255
250
442
581
151
19
634
883
815
803
85
211
704
807
661
227
702
315
868
737
244
838
734
821
351
225
20
940
802
496
318
136
434
225
594
384
8
418
996
669
406
958
298
370
951
848
163
100
527
693
557
224
759
74
987
914
952
738
951
735
657
817
927
430
729
596
443
820
441
720
340
421
821
116
61
716
619
290
963
774
476
148
937
279
674
941
306
883
567
441
877
202
182
14
237
707
729
809
850
216
748
895
304
693
402
805
80
589
994
619
566
998
127
406
631
503
58
581
978
713
688
475
662
105
344
240
613
18
952
985
749
311
476
940
254
464
503
285
940
681
697
232
138
828
415
879
458
923
170
315
902
221
771
506
200
851
919
490
996
409
758
501
449
850
364
747
109
516
460
693
467
188
694
860
399
568
669
363
862
714
532
630
545
558
342
992
905
778
629
149
925
988
518
815
197
430
545
207
439
57
826
435
349
222
557
238
779
956
905
0
590
167
249
414
159
959
351
695
457
684
523
785
816
235
27
549
977
592
989
575
794
597
847
823
5
464
969
31
811
606
363
476
628
909
577
440
241
742
769
452
794
611
608
201
486
566
168
817
570
169
197
77
294
76
186
974
702
73
486
5
787
690
297
477
378
376
752
103
244
562
447
191
354
876
740
733
924
148
829
805
856
876
153
773
468
239
905
943
924
844
544
452
651
885
20
393
89
527
53
405
540
912
214
196
569
352
750
796
317
962
67
597
374
161
516
665
334
263
688
121
988
614
718
859
153
554
188
275
537
820
130
189
633
869
231
625
610
5
834
681
328
114
522
257
122
294
66
59
745
630
324
874
914
920
231
834
247
188
343
33
960
425
570
626
620
103
594
275
377
670
184
605
613
402
87
158
620
715
403
176
970
256
430
436
545
906
714
279
738
96
702
895
233
701
721
950
899
121
185
600
744
87
870
11
603
129
814
560
206
629
894
9
531
866
430
49
910
479
213
810
185
339
199
110
302
909
765
444
140
772
779
979
53
185
979
108
524
164
88
438
604
849
862
438
292
621
783
355
847
719
447
434
51
922
773
902
862
185
35
673
487
996
389
228
854
608
991
679
672
256
39
565
716
890
44
585
797
990
460
37
870
534
321
467
98
232
908
673
293
762
589
970
26
825
874
372
903
504
422
119
938
601
203
837
691
316
276
430
853
881
673
715
284
566
680
712
39
725
423
458
834
435
31
175
496
636
793
657
399
552
701
741
584
652
443
854
218
334
446
668
369
15
850
80
557
354
321
877
439
865
516
629
19
284
581
616
248
650
500
820
483
247
306
320
262
182
111
750
93
639
690
818
443
551
863
293
939
733
248
252
860
316
48
851
353
640
400
346
463
683
507
604
978
432
148
890
297
600
463
268
17
507
833
587
700
962
508
621
324
499
188
629
266
372
85
282
247
312
157
627
606
149
75
525
383
81
204
793
203
514
326
97
655
142
92
480
877
164
231
331
376
310
341
475
667
656
692
31
197
47
851
669
144
307
76
887
114
327
403
979
462
542
10
441
940
269
19
656
661
888
105
834
890
847
395
357
22
50
968
858
212
259
884
611
505
767
93
52
3
751
756
549
547
379
475
856
630
980
697
42
774
308
56
71
416
221
782
614
389
889
337
134
501
993
382
760
292
238
768
955
34
907
742
559
199
108
747
327
113
828
186
696
314
918
346
160
123
629
187
277
321
395
92
39
396
144
766
72
742
527
410
867
342
111
945
62
946
764
580
595
464
171
223
410
337
654
295
284
920
260
310
246
516
369
178
20
539
934
573
893
441
797
845
419
451
467
929
410
882
149
373
738
748
769
162
576
698
276
261
834
823
455
869
711
720
129
240
493
308
622
525
940
284
58
521
862
772
155
383
798
692
891
337
999
578
627
177
295
135
987
867
801
572
115
864
825
873
696
906
800
502
481
857
537
687
928
856
585
343
957
494
66
921
766
904
867
920
90
703
738
609
316
479
418
501
353
82
626
509
235
333
409
268
14
880
101
51
626
845
887
824
47
590
745
504
251
400
405
148
186
135
753
887
239
933
48
657
407
859
211
406
743
990
370
284
425
808
880
469
229
909
984
738
16
17
355
538
345
953
828
350
226
773
729
381
556
512
332
163
793
86
159
487
986
707
21
187
340
828
934
695
168
2
286
967
157
276
950
307
630
663
333
885
642
20
707
236
518
176
573
844
716
470
202
965
689
958
940
257
774
420
370
349
983
957
903
492
999
406
923
555
585
13
179
185
87
827
735
667
703
37
385
87
722
42
151
747
976
401
148
346
353
929
833
385
321
97
422
389
86
619
44
12
147
537
16
817
776
389
486
541
141
87
579
967
612
915
66
81
54
675
566
58
780
387
236
796
190
79
917
70
12
183
769
169
530
735
460
781
85
92
111
220
691
176
307
609
594
293
679
454
155
432
718
182
563
583
747
583
455
1
215
780
701
554
777
301
281
236
930
72
390
709
353
647
667
240
454
809
691
732
70
747
722
632
684
369
973
386
25
963
596
757
418
332
942
762
775
740
600
214
719
482
167
846
908
678
710
777
279
901
402
645
586
627
853
80
304
66
275
315
705
832
702
633
665
112
167
44
545
403
902
54
329
658
334
641
35
674
922
578
306
876
602
64
15
204
981
218
635
695
190
360
134
474
727
165
152
309
487
729
240
565
625
266
47
405
847
704
413
338
234
698
466
752
708
647
11
923
819
166
651
83
618
53
353
529
989
238
392
420
974
370
929
881
303
650
775
244
543
321
256
797
38
690
489
187
79
938
763
718
547
9
202
147
608
792
338
200
920
443
742
986
190
128
404
664
872
712
108
216
236
894
672
944
58
82
546
352
677
875
923
413
248
339
213
818
575
410
479
715
68
673
161
586
973
407
219
407
235
328
665
940
62
641
270
23
479
99
139
48
973
549
772
364
600
43
140
227
774
996
323
42
351
981
228
83
467
737
990
560
78
658
668
916
72
540
25
465
322
647
243
72
105
211
650
368
812
349
677
133
16
968
550
849
551
682
414
115
404
908
946
550
932
315
769
82
80
529
386
977
73
536
701
838
284
536
624
804
814
107
706
604
639
392
216
715
71
702
591
838
640
353
724
61
484
776
131
619
754
947
637
877
552
960
859
244
452
125
412
39
693
336
502
948
728
555
237
594
934
185
805
920
930
784
417
553
145
48
756
9
963
234
508
682
45
224
464
789
190
269
558
72
387
13
189
896
585
787
120
524
33
340
288
786
968
72
875
39
861
586
65
336
371
876
31
944
680
721
801
944
873
956
852
437
615
108
443
27
448
530
953
594
635
552
727
105
665
385
246
113
175
452
728
848
283
602
658
339
49
161
89
766
79
128
3
352
74
882
445
455
460
660
639
150
127
724
782
542
680
568
781
215
545
737
739
755
736
829
614
0
85
45
118
771
248
193
565
116
872
421
88
754
891
61
380
261
22
890
847
741
207
782
879
166
902
220
750
291
850
360
512
108
193
398
144
48
583
783
105
762
218
427
426
144
605
441
415
428
207
58
74
580
2
380
384
935
468
288
648
19
414
330
213
728
619
742
28
631
216
759
631
952
361
261
385
917
784
409
2
550
446
319
633
652
670
49
134
667
816
97
382
382
742
400
932
893
80
325
631
114
606
475
261
132
778
230
711
121
892
792
656
131
127
200
234
17
194
187
758
956
188
990
48
513
756
206
605
945
639
598
452
518
204
286
148
926
614
128
177
489
898
208
634
746
270
259
890
192
716
542
725
371
51
160
211
291
339
55
494
118
831
946
521
416
355
303
651
789
367
26
38
619
747
888
668
749
769
948
933
393
574
93
642
226
920
567
489
643
926
868
48
379
39
658
542
292
459
404
760
905
830
313
731
408
77
746
956
240
901
706
285
30
581
182
799
612
413
99
379
103
351
382
18
511
120
165
282
168
374
496
767
337
276
984
834
727
189
701
389
271
74
319
971
450
557
905
970
664
569
995
340
616
939
591
812
454
281
506
216
464
79
17
190
424
901
182
267
359
268
247
43
314
825
516
887
930
112
736
461
89
412
499
118
593
853
446
107
887
204
65
414
123
574
702
945
434
510
988
749
173
855
277
913
967
76
828
814
919
680
420
405
941
762
787
327
221
686
799
710
70
425
545
687
974
44
585
771
464
452
457
496
558
558
151
896
920
631
686
689
532
798
98
312
644
297
121
278
11
311
599
669
926
955
192
976
355
262
265
898
582
816
916
184
102
34
20
30
167
930
774
118
294
638
699
866
264
873
272
59
612
970
340
631
382
163
280
994
977
248
407
977
237
864
496
145
526
199
397
975
464
48
634
146
132
795
569
975
41
80
182
863
861
620
759
455
955
893
832
119
42
176
508
245
899
719
927
825
861
702
975
752
46
947
516
268
620
312
355
64
155
62
877
565
90
531
776
70
585
848
601
535
617
530
901
954
966
308
576
489
880
642
704
726
584
976
482
702
467
966
141
629
755
575
638
556
683
128
696
586
729
213
296
621
245
514
15
42
907
548
737
173
779
543
105
844
401
622
758
903
268
801
830
30
232
303
408
818
880
86
655
656
692
527
60
596
817
705
884
53
666
781
171
887
106
569
849
117
932
512
336
326
491
906
777
540
744
423
465
255
835
674
311
86
216
818
198
410
689
966
908
316
309
469
900
73
945
993
573
359
437
665
829
449
723
453
675
645
991
414
331
272
919
352
798
692
318
970
154
885
52
596
857
359
925
128
239
306
343
922
954
168
959
988
569
37
161
975
690
590
237
127
940
604
275
614
916
415
374
354
740
105
548
745
135
593
773
518
94
250
994
261
27
166
542
35
965
654
358
899
838
176
588
91
52
392
629
82
581
677
458
702
609
61
137
64
283
223
685
81
498
860
166
936
761
480
689
0
99
439
215
330
628
812
513
83
920
519
339
855
517
995
931
235
989
539
220
618
744
432
712
631
399
838
886
365
878
481
75
971
587
114
222
80
938
805
620
937
203
183
705
96
210
841
273
36
656
265
3
39
869
794
25
288
707
335
367
172
920
768
508
434
674
255
956
955
154
917
681
609
129
727
524
885
95
749
173
678
163
295
116
937
172
955
65
674
577
908
689
163
580
402
143
20
589
806
817
282
550
157
904
492
916
722
894
309
9
678
865
101
318
654
481
554
847
549
941
344
953
722
732
542
264
394
940
507
149
851
30
694
925
831
462
978
432
292
271
807
885
623
717
736
909
234
433
672
518
378
79
477
356
5
355
383
917
436
382
72
611
622
880
164
485
837
261
271
112
694
775
767
698
475
64
879
686
930
83
772
256
826
125
819
926
751
827
348
93
892
431
790
773
773
210
281
976
219
972
450
123
148
744
366
662
127
299
322
584
32
942
440
831
541
89
863
710
676
508
656
277
31
742
388
327
894
164
791
71
957
297
786
777
915
542
672
675
843
207
227
203
870
784
23
224
353
751
296
204
419
779
306
456
510
128
243
464
277
178
371
0
22
501
301
200
629
612
983
17
858
552
250
537
703
767
539
387
445
303
680
141
1
222
545
939
111
265
634
722
933
223
666
437
668
182
584
243
870
784
422
296
249
917
919
947
861
800
829
248
780
254
397
533
523
53
585
430
728
661
245
94
860
300
571
631
985
296
855
651
1
830
784
643
36
787
259
392
137
163
974
973
774
577
832
959
126
802
577
350
601
865
912
375
555
185
761
790
693
433
276
473
241
268
632
159
549
889
668
907
428
373
940
473
213
109
815
107
190
240
830
405
801
927
627
770
788
417
474
720
192
341
517
733
997
420
637
612
33
776
46
328
628
303
495
166
434
201
310
563
791
565
277
410
966
114
787
742
613
545
545
700
857
697
568
340
440
718
176
382
515
667
164
270
768
551
361
979
742
616
349
852
408
830
200
360
284
868
699
116
636
618
686
624
591
136
802
256
340
255
175
659
907
531
298
357
408
55
624
616
83
680
225
726
868
623
194
751
734
20
326
432
530
933
20
379
618
526
291
909
138
596
207
887
371
427
100
698
278
967
388
57
970
679
929
705
559
0
395
150
564
252
289
549
807
24
861
481
532
486
367
859
281
834
833
462
928
87
725
612
173
765
687
326
656
512
837
869
882
663
938
19
32
808
122
495
828
907
749
961
598
167
436
715
797
889
198
678
320
759
208
611
89
624
636
493
553
588
652
896
952
393
689
782
391
456
766
568
74
571
730
495
295
274
43
296
128
70
878
923
117
285
87
622
620
37
845
935
907
975
588
351
553
729
207
153
119
702
328
696
661
726
890
789
116
337
183
49
205
880
969
127
80
446
285
469
595
675
71
848
722
800
812
230
346
899
963
700
412
248
75
30
107
790
134
215
619
244
866
715
779
69
438
453
770
546
229
597
975
516
128
998
930
900
131
744
320
2
818
671
913
708
690
804
347
137
222
690
719
5
930
238
1
940
716
251
410
249
230
52
988
203
42
739
817
719
931
367
493
436
732
63
700
566
770
433
2
586
51
816
239
786
106
940
249
908
538
247
993
663
110
708
526
668
461
265
695
460
364
116
873
582
743
946
522
391
576
867
895
150
184
258
709
176
329
925
210
302
46
994
644
683
72
742
784
1
311
123
823
481
790
103
658
731
179
31
284
299
40
195
816
24
634
382
411
715
303
753
205
422
126
568
231
573
835
367
152
562
701
968
581
947
460
313
689
269
135
493
781
662
8
496
541
828
899
137
680
668
314
349
774
844
8
512
223
804
1
803
358
358
84
575
894
730
461
654
158
104
186
41
684
72
746
940
97
104
238
188
449
50
293
172
498
979
108
32
803
142
686
510
857
651
663
96
904
556
899
239
558
347
363
243
776
554
692
145
279
58
210
302
48
899
132
629
83
873
123
448
226
985
398
663
474
836
46
570
890
406
338
933
891
244
366
92
438
23
451
775
415
550
451
979
251
800
243
738
689
268
377
884
430
947
156
878
298
552
156
680
448
164
495
138
117
358
40
831
381
4
51
396
386
341
709
337
578
662
376
46
506
902
414
218
898
700
873
196
818
54
386
764
905
518
168
835
865
997
91
24
636
587
445
574
891
584
126
249
835
740
680
791
586
73
844
280
766
56
975
300
320
829
10
74
998
109
434
875
380
894
57
874
786
640
257
233
963
568
769
722
920
912
16
319
922
435
439
292
186
307
286
3
525
466
834
280
797
932
81
517
732
140
528
800
452
274
786
255
734
711
414
531
866
198
523
751
773
60
474
571
932
810
145
968
484
774
111
235
874
980
301
220
269
366
613
252
30
553
259
331
457
804
575
106
140
541
430
893
251
744
324
471
266
825
788
692
716
147
689
980
726
149
625
679
320
169
666
788
673
455
326
67
767
500
791
666
191
829
117
405
141
557
309
583
44
602
971
726
601
187
429
4
454
386
113
121
149
796
247
391
530
86
816
333
201
66
155
599
248
167
433
215
987
656
790
175
79
718
846
160
24
569
852
754
677
87
793
843
160
75
350
41
230
140
739
868
960
365
95
97
367
404
257
183
418
333
508
896
748
662
89
346
261
159
52
391
713
748
348
998
352
593
867
541
615
611
531
131
935
109
412
42
730
908
312
18
727
329
187
717
858
675
276
877
127
385
854
799
996
864
56
639
22
129
311
581
731
758
560
405
962
345
553
139
194
586
228
440
703
381
372
129
748
835
504
812
364
851
216
849
753
76
978
11
717
333
784
63
56
313
877
149
348
204
154
298
84
166
856
600
705
36
526
590
659
394
275
160
282
211
892
900
921
575
395
84
442
660
198
674
992
945
212
599
630
887
813
269
247
713
831
740
996
699
377
219
337
365
614
600
654
279
336
563
329
747
500
350
112
545
743
704
596
969
231
623
600
918
128
526
345
410
386
110
319
945
508
746
898
359
451
463
853
406
858
710
111
76
333
861
257
838
609
118
567
314
34
823
564
627
976
400
405
579
415
134
729
71
206
703
933
673
244
959
249
91
36
727
387
292
969
515
974
486
952
881
483
729
906
885
862
900
47
466
618
957
787
823
667
902
555
875
874
625
856
652
843
853
368
32
180
769
962
603
135
458
119
523
282
248
319
185
634
169
627
170
385
217
908
442
297
848
780
997
603
141
681
192
169
349
184
826
592
174
26
594
835
930
115
965
1
901
182
639
838
657
626
719
614
747
538
425
76
210
844
693
308
595
16
289
425
741
798
103
225
373
979
175
103
714
320
588
762
674
341
808
515
870
865
214
270
675
850
537
590
732
291
681
600
892
697
941
873
314
919
915
858
571
929
546
853
941
463
556
2
726
335
248
304
340
608
31
172
136
746
293
631
412
338
214
869
807
962
912
475
346
309
872
363
717
714
952
86
988
840
386
965
846
388
113
214
619
339
455
42
804
422
622
525
552
227
778
894
572
588
461
787
223
687
907
882
153
589
483
347
662
785
769
433
167
671
9
635
521
800
568
801
664
177
779
711
70
813
39
707
711
261
318
100
812
887
282
253
513
165
104
428
627
387
644
714
126
792
97
607
617
271
378
116
36
481
514
574
50
412
37
700
129
203
910
833
73
267
847
675
870
597
951
324
89
461
516
875
682
555
443
338
976
102
204
202
847
284
485
517
551
894
633
985
450
49
842
173
933
365
550
637
140
24
872
433
723
769
27
227
768
959
620
966
161
495
313
865
163
585
925
298
661
30
209
9
599
972
623
967
400
805
196
89
728
256
211
14
858
489
782
65
12
445
566
581
468
538
799
804
953
241
553
604
802
84
609
410
645
61
641
863
933
459
452
866
427
713
855
889
901
933
415
647
693
404
680
489
424
485
720
157
123
31
743
881
290
661
337
126
883
943
395
703
61
847
112
356
572
613
520
399
23
520
912
435
958
921
178
728
526
289
480
297
784
972
938
412
136
797
5
761
173
662
971
163
249
800
601
430
432
412
289
604
90
993
184
576
279
781
697
837
237
385
464
883
779
881
312
652
102
308
29
191
527
806
766
647
18
366
735
611
867
490
410
743
840
890
887
640
166
716
142
868
226
722
922
156
457
187
693
799
10
385
572
426
948
879
473
426
310
964
730
495
222
93
328
934
315
263
493
604
133
911
795
658
867
44
102
489
697
997
716
628
294
434
744
719
510
932
299
32
113
796
460
429
480
516
977
128
543
647
612
88
905
749
663
344
975
423
633
181
185
408
251
569
809
175
47
929
704
433
451
895
320
502
970
428
658
548
323
316
469
283
561
840
881
817
83
127
804
42
160
508
935
70
57
35
884
986
72
127
18
398
860
242
856
64
227
353
460
156
151
980
133
585
189
473
847
155
572
290
289
226
228
21
63
1
705
5
627
496
442
462
778
767
156
231
40
971
136
331
174
425
107
800
101
859
946
448
940
755
933
467
538
726
417
92
815
651
738
847
485
433
14
267
230
24
902
349
204
619
796
429
822
745
987
604
151
276
205
308
855
316
606
156
576
248
720
711
840
212
90
402
45
714
320
419
884
80
64
48
565
971
7
574
559
252
277
577
195
88
833
170
309
243
268
489
339
239
185
539
712
184
746
312
93
793
267
955
96
396
746
642
338
464
31
731
323
517
942
712
466
100
11
452
755
895
690
244
916
917
792
199
708
191
662
596
917
257
79
923
905
359
160
444
110
168
602
323
735
478
469
514
948
389
308
865
342
93
836
118
43
553
591
829
831
38
928
485
864
667
500
503
121
908
860
160
452
188
181
901
248
637
155
957
54
275
1
644
127
863
218
237
845
5
83
879
82
29
182
495
147
654
232
360
663
409
216
529
791
330
469
72
545
494
646
684
557
538
645
36
536
444
496
928
831
498
856
155
989
533
278
761
897
266
638
254
144
783
142
219
527
998
162
670
190
234
730
464
775
891
897
33
77
533
333
731
134
657
468
122
378
789
198
612
472
561
687
908
709
882
76
961
402
358
963
177
527
671
375
896
996
697
584
362
305
791
497
669
8
792
581
450
398
978
217
403
13
449
146
108
122
111
203
948
117
745
837
398
830
430
20
360
162
940
27
713
26
591
211
764
569
425
342
809
796
532
321
594
245
792
32
72
101
311
937
472
201
317
524
384
701
390
112
226
798
445
612
231
768
19
759
802
788
78
23
922
443
698
869
77
539
747
305
55
907
879
645
818
128
964
295
602
721
371
902
304
196
346
610
247
485
127
338
352
736
299
897
858
104
353
512
757
213
356
814
212
182
144
626
405
687
466
963
361
347
72
478
552
839
809
248
268
527
431
158
29
74
950
378
584
467
66
351
379
90
398
495
707
33
998
341
175
599
899
139
484
65
261
63
23
90
999
32
206
842
665
797
15
799
735
404
760
414
412
360
611
301
480
818
75
368
767
886
239
386
291
742
230
787
210
546
80
116
299
318
869
447
780
802
822
236
985
66
787
549
536
46
369
345
381
479
830
490
341
723
766
487
533
759
468
499
389
280
838
71
784
133
693
137
195
543
311
282
690
497
107
967
965
365
399
391
648
352
328
924
544
655
125
629
534
253
99
165
399
118
879
528
934
244
731
443
302
315
959
898
778
5
749
286
672
889
104
834
441
682
873
512
768
57
278
442
626
621
728
871
165
702
199
158
611
483
883
849
208
689
370
852
652
453
125
914
391
218
622
104
626
529
85
746
842
348
418
332
226
104
590
231
371
8
413
661
275
317
385
253
747
118
50
714
968
898
84
578
179
648
162
717
123
470
501
356
163
725
863
594
740
543
720
28
148
129
213
947
452
669
544
675
721
786
417
98
671
472
204
96
230
83
574
584
497
541
443
146
67
136
201
782
720
393
375
121
19
323
67
566
458
986
723
224
408
712
73
154
273
515
341
403
938
204
184
564
806
436
125
81
460
509
674
329
273
976
711
590
79
296
178
389
366
568
577
309
310
102
313
313
389
960
430
824
210
878
871
274
692
951
12
627
690
231
826
414
717
996
703
137
438
745
684
540
224
133
536
96
155
955
901
281
518
967
528
602
32
831
395
138
730
679
435
332
677
872
391
77
489
291
316
736
910
150
114
573
532
639
542
227
146
908
80
277
74
807
116
665
280
555
981
701
20
963
444
670
284
165
437
594
303
846
933
531
948
810
92
909
951
358
36
776
464
346
838
534
671
995
645
660
783
480
142
177
31
85
928
120
947
235
756
87
553
52
22
985
837
138
292
509
282
195
192
466
20
752
431
35
650
674
334
219
639
385
762
258
698
714
966
511
550
72
507
399
975
213
65
282
129
193
640
810
681
259
399
126
451
308
145
510
869
249
218
488
776
61
423
170
767
605
444
604
550
263
105
210
554
306
725
975
333
481
769
905
132
687
2
407
377
749
310
679
727
269
446
900
769
233
985
980
387
545
911
927
353
968
366
402
678
987
272
883
852
986
724
970
160
713
284
740
898
465
574
745
453
565
827
201
898
719
415
147
957
546
693
870
942
145
896
682
547
855
258
244
175
462
914
951
811
989
702
553
348
854
412
134
634
630
632
721
468
847
869
333
219
292
249
12
749
32
734
447
831
957
432
115
309
978
320
487
861
158
373
727
292
926
900
493
998
254
639
902
365
121
14
453
604
840
788
716
787
873
242
904
575
546
923
17
477
702
944
100
293
675
808
314
780
151
723
931
449
407
429
72
876
133
614
988
827
560
121
961
20
893
249
436
360
95
655
836
47
943
518
614
17
874
900
492
848
567
451
511
345
376
938
465
752
733
355
532
732
335
777
431
992
527
442
223
707
548
24
978
724
442
454
849
833
299
154
785
268
127
47
995
32
143
252
501
514
438
928
606
384
6
363
851
702
900
5
108
732
835
819
758
993
913
51
538
657
264
179
518
548
308
640
837
628
25
657
309
27
104
354
707
416
70
173
575
731
552
513
715
62
630
396
59
800
828
947
520
989
682
419
531
185
958
538
424
53
554
935
500
306
834
563
619
624
624
47
423
617
416
74
818
982
357
100
226
496
465
824
162
631
135
140
144
166
400
495
573
312
611
911
190
583
147
229
965
810
561
485
765
482
45
720
962
849
450
937
217
20
188
365
42
660
190
665
365
716
788
230
269
28
811
254
278
619
394
842
12
880
20
4
862
908
89
47
324
746
864
500
5
346
999
451
884
646
979
858
352
302
703
191
665
221
137
524
970
267
419
41
732
184
78
751
449
59
28
108
838
391
830
139
220
161
316
623
733
119
12
862
129
884
12
572
318
345
822
467
551
287
478
192
100
114
699
361
577
63
140
557
561
293
868
384
57
814
22
780
385
294
256
83
543
414
967
582
687
567
486
565
411
410
402
219
659
949
928
67
694
636
737
34
290
160
40
620
420
495
750
138
76
36
449
424
479
587
557
957
875
300
514
835
318
648
13
677
316
948
342
66
987
955
639
815
429
556
467
7
324
680
426
429
402
84
675
774
320
847
113
731
619
985
696
875
945
861
787
91
403
695
739
121
964
787
901
696
113
808
79
654
542
817
58
359
508
517
186
737
662
628
160
250
540
125
109
162
642
571
773
526
985
694
91
427
296
865
792
140
570
163
629
45
508
264
773
313
514
476
471
627
271
866
517
441
629
563
248
602
463
20
752
421
407
215
736
720
901
512
20
665
741
196
953
705
463
480
114
304
197
133
581
692
300
743
654
326
995
19
413
323
435
490
659
666
110
386
826
637
280
519
216
490
150
466
474
130
855
459
574
181
922
909
694
609
747
688
289
790
856
871
342
728
91
863
244
934
680
542
25
326
107
269
651
420
19
427
963
954
991
423
386
83
822
948
943
215
170
634
246
596
782
184
92
792
235
435
987
254
155
813
451
308
64
115
225
994
640
578
550
378
933
760
568
142
229
832
482
490
647
511
554
655
189
996
179
606
976
979
263
849
581
977
876
585
927
6
686
873
991
877
980
835
649
207
209
437
357
555
812
799
987
2
800
540
82
849
954
180
992
61
759
206
819
547
171
3
905
359
110
482
601
397
122
920
413
296
9
198
226
738
348
371
194
544
734
252
49
571
245
486
63
599
138
413
598
122
2
859
227
192
633
904
676
228
730
560
454
38
71
262
852
104
244
37
180
577
118
238
502
308
232
761
842
681
954
731
824
977
776
764
975
493
420
17
460
643
447
436
855
863
942
775
668
193
460
215
723
45
830
658
173
807
590
49
879
626
815
429
131
911
838
753
176
850
900
892
856
496
71
658
701
807
897
147
212
336
88
148
681
149
218
901
852
947
864
4
897
297
802
859
693
340
920
646
137
326
241
428
293
887
57
685
483
953
487
256
55
870
920
385
456
344
702
352
389
523
109
936
314
669
131
789
272
640
830
655
31
585
76
247
848
63
281
500
742
116
323
901
981
611
270
516
702
597
622
405
928
276
772
107
21
634
70
976
532
748
405
249
733
267
482
836
609
581
43
34
972
785
119
509
419
574
47
164
288
881
350
737
405
179
825
282
401
73
102
3
588
0
705
259
911
615
208
938
295
711
332
834
767
311
983
87
122
942
73
214
513
927
631
817
291
963
150
524
610
164
341
352
813
228
460
245
360
354
152
192
126
93
331
993
224
341
952
423
100
283
659
299
565
230
197
678
583
906
170
246
96
949
198
736
898
105
764
100
587
809
87
27
939
649
176
314
588
512
788
549
798
24
420
538
231
295
609
931
51
860
737
502
378
145
296
675
151
743
24
914
653
289
643
803
558
734
968
743
154
388
15
434
528
169
353
521
866
139
368
31
726
538
263
543
65
208
631
330
59
530
154
84
256
708
528
201
409
549
26
32
417
648
208
948
152
268
153
541
596
44
263
796
647
40
104
606
135
648
993
578
89
231
24
673
68
465
12
866
391
792
402
669
469
521
537
59
7
637
787
83
786
555
975
172
854
643
195
972
458
589
629
344
747
333
155
22
325
565
649
300
995
572
634
49
649
481
553
291
92
830
315
559
751
732
927
250
630
825
934
254
569
588
154
176
879
634
662
607
660
0
260
999
669
562
761
893
446
182
229
427
493
353
961
290
716
655
392
532
992
554
311
952
694
693
723
80
234
94
457
156
194
372
156
851
438
405
575
927
643
647
253
463
69
641
432
746
29
168
839
449
440
816
300
247
26
760
440
594
261
926
690
2
868
768
616
771
772
377
137
800
721
703
563
811
377
274
496
28
623
883
542
127
944
400
486
50
245
14
26
118
173
943
447
697
34
891
620
598
704
287
529
259
504
677
141
756
859
444
794
605
728
435
427
401
191
928
952
301
295
863
733
496
246
150
695
873
290
429
817
233
198
641
866
574
63
327
53
157
267
682
919
298
833
975
178
86
78
139
411
514
410
966
512
842
379
591
483
350
570
687
762
33
768
43
557
204
862
36
735
403
345
819
735
517
897
929
586
492
452
420
593
578
385
538
423
621
896
444
380
498
474
460
388
452
344
859
810
728
159
247
539
617
765
213
944
745
812
993
158
188
107
587
874
803
103
921
304
977
607
362
180
848
862
159
733
931
395
116
391
11
655
152
517
109
299
216
915
275
114
388
961
23
26
922
163
217
308
393
683
313
108
75
842
951
689
189
924
40
289
668
636
634
394
633
465
81
255
891
749
192
946
357
734
389
872
451
37
118
630
236
947
118
340
225
691
486
88
571
395
873
921
595
707
558
911
445
213
581
158
988
604
613
269
920
230
739
734
475
121
866
860
42
752
49
392
471
860
626
713
823
373
685
574
868
101
56
633
662
163
706
679
157
263
168
325
873
829
354
119
357
724
935
474
284
694
258
561
824
988
645
321
82
601
787
38
250
411
878
527
360
80
59
814
422
958
739
347
40
382
359
194
551
722
210
405
126
217
973
654
249
168
777
612
482
316
684
981
456
331
680
1
557
133
449
320
899
441
441
521
770
319
990
283
886
694
535
71
488
787
325
543
507
140
330
314
779
478
472
566
560
918
692
52
400
182
849
388
768
305
864
202
695
0
110
604
96
304
509
649
356
296
428
975
250
742
44
521
228
246
472
319
653
100
646
666
607
323
597
582
488
552
551
372
725
316
976
268
604
932
535
598
350
737
709
624
364
600
700
280
707
708
132
246
748
434
942
468
153
672
852
14
272
421
737
349
302
543
255
521
553
564
121
431
535
114
485
398
567
80
985
426
97
854
156
202
938
116
78
619
208
412
299
775
803
455
336
759
898
445
293
232
89
921
422
747
483
607
795
993
252
480
597
672
902
809
908
511
807
239
318
970
328
76
98
619
207
820
173
737
771
625
628
645
894
844
40
497
592
990
477
701
580
482
608
945
130
306
43
830
80
300
617
455
889
92
97
891
269
881
470
394
962
129
758
362
968
928
77
513
642
291
495
465
827
839
77
969
419
417
408
273
536
964
794
748
782
571
276
708
905
23
583
531
545
298
159
598
658
408
425
282
615
714
525
185
981
332
903
108
408
527
174
773
165
67
952
156
345
347
458
390
882
719
988
595
134
870
552
661
944
287
317
970
755
797
777
272
581
958
945
450
367
565
238
704
570
877
156
771
555
268
262
141
786
852
511
898
626
334
415
707
971
726
128
695
882
831
78
454
814
381
372
141
75
479
855
748
632
605
349
869
466
735
305
978
244
290
821
71
208
530
755
724
830
674
417
55
956
526
198
833
863
625
282
980
939
966
535
15
410
161
534
561
898
492
657
914
391
702
160
784
605
504
121
784
590
754
230
898
889
921
433
191
497
23
558
246
377
447
185
406
303
163
186
691
373
670
546
388
594
633
329
701
583
609
873
525
580
394
645
350
612
556
433
543
920
414
979
791
441
296
497
238
455
197
934
985
307
68
312
945
415
825
924
697
699
859
699
907
923
216
571
86
385
881
278
947
862
584
582
379
691
316
592
107
413
325
480
449
445
702
610
166
837
787
824
317
299
531
376
194
317
662
795
859
361
923
811
554
925
969
269
264
326
470
913
8
34
844
770
24
552
593
863
850
732
615
922
488
776
16
794
204
67
885
280
269
402
204
214
917
178
596
670
36
554
855
362
705
641
295
422
479
350
802
972
446
579
67
113
484
64
923
218
799
368
879
714
794
137
901
840
549
4
283
253
704
224
929
696
345
435
721
392
565
709
726
261
729
434
882
527
132
392
433
808
629
837
863
306
57
284
264
290
724
190
83
685
34
697
995
168
330
144
176
905
410
81
636
690
736
153
351
18
281
286
896
382
128
295
918
836
355
205
282
744
534
274
981
438
132
975
919
415
433
938
487
621
175
193
465
302
942
858
139
897
509
817
693
433
750
798
866
950
433
723
594
537
197
142
839
658
287
75
115
606
166
583
256
60
945
981
853
933
695
657
358
916
85
106
327
398
470
924
406
713
509
188
659
991
610
870
597
264
55
657
769
825
401
848
126
277
886
785
430
161
894
617
883
507
184
70
787
176
523
296
499
399
544
786
169
493
156
818
712
320
595
898
318
721
235
162
284
781
640
780
364
513
920
979
931
264
348
428
140
887
398
377
1
546
773
105
710
824
760
977
862
637
256
619
178
396
108
523
223
712
976
670
143
920
816
632
873
681
194
948
392
896
81
489
545
251
474
948
686
738
191
563
884
635
417
663
719
545
175
652
751
261
689
622
621
418
721
830
315
134
382
950
586
79
547
105
676
718
997
396
474
793
626
862
979
457
571
514
493
850
921
405
249
343
748
460
308
104
545
164
413
122
822
58
156
335
506
376
237
53
32
122
846
427
445
322
152
326
660
184
717
620
28
426
178
521
700
98
903
339
906
779
444
744
138
198
527
356
396
917
0
319
141
956
633
289
295
904
909
156
669
328
991
686
497
56
841
178
313
232
95
205
306
846
633
443
380
850
974
645
621
834
550
827
526
694
637
818
391
669
209
413
455
626
284
537
12
489
389
942
481
277
593
206
563
280
217
986
988
551
715
777
51
12
420
687
60
167
799
70
76
629
650
223
839
410
158
715
563
183
83
355
371
556
422
222
492
710
772
701
996
644
274
923
761
644
473
605
553
549
612
802
620
837
926
737
940
534
244
460
310
511
799
798
821
738
461
716
836
702
780
961
506
280
75
610
26
13
539
930
283
927
788
796
283
735
516
736
764
507
974
592
702
673
788
664
993
527
232
185
447
224
456
923
388
667
298
742
562
524
295
956
770
106
171
440
616
747
634
497
40
863
554
664
846
854
688
782
268
600
944
866
714
368
811
510
250
574
982
863
22
991
401
463
797
682
905
559
17
127
423
898
307
792
194
344
127
626
779
87
400
796
778
689
247
319
982
645
647
78
379
679
738
162
884
522
686
347
844
490
541
48
404
781
251
13
584
62
71
609
491
544
912
554
431
482
805
576
796
741
543
571
550
818
712
505
771
538
823
459
224
414
947
950
168
562
292
899
623
901
469
379
168
322
747
602
902
426
480
421
597
434
22
5
226
852
863
243
972
548
434
851
572
937
14
137
328
92
420
857
398
738
740
623
72
216
166
895
538
755
123
638
315
566
253
395
905
560
517
628
415
773
605
896
873
913
89
617
709
767
284
949
408
634
554
547
643
320
901
803
317
716
28
484
784
426
697
571
206
445
153
484
430
410
559
821
986
528
895
200
800
886
525
773
41
477
695
533
9
949
550
550
395
767
864
908
319
229
575
179
471
506
393
979
383
686
182
271
307
630
589
841
448
265
368
585
308
876
185
46
743
813
227
905
890
37
849
20
534
856
575
930
621
245
248
665
557
150
795
121
689
302
64
235
801
97
456
677
812
298
647
793
873
439
466
114
925
24
191
813
415
838
814
104
252
941
608
755
290
225
179
538
599
699
506
666
510
58
937
3
983
462
925
128
141
845
365
97
919
556
757
131
639
588
56
296
993
166
